450983383 785508847 579
177582681 715208068 751953578
383762759 58388619 214060196
28450495 594466898 768244799
66804577 560300058 654296223
219350945 471233860 694493294
192194768 531382195 670864392
271323705 50832722 166983509
301985170 580212324 745336645
188979022 114254550 122184887
75752133 627214219 778217809
272868490 755571934 768608576
432857285 109581944 402416500
99411976 304407682 495232724
144516052 574854772 731809976
230879564 601918639 680047741
281091339 307357523 626141072
166957016 494430994 569225376
77050678 563416657 670053877
94877765 475428639 579502472
272151529 192932028 321846819
33001368 637606270 760160754
12025477 218648663 436361692
225737516 670197566 675225611
269100184 600728031 649496904
157749856 596960181 742351994
270769506 354251532 734233786
93418214 631381830 713014059
291154843 112102563 461553754
210233478 114402578 341538687
124712972 783367320 784265084
29076320 514794167 713512974
245150938 156982055 363272576
152254243 5552842 362476702
236814579 779979023 781559891
115762859 631023726 645548478
11427604 273752284 587729325
49953316 110463540 235310557
273852173 405143828 428923083
43628277 26569425 564026094
340931691 472903114 592384841
194402404 107696607 480912817
121028726 770151770 780036144
93675290 236684114 250528947
235994673 740164505 745724902
275410999 505168583 760191846
150838146 512772039 692292633
386623931 694405919 733670451
291889041 644124778 686465648
435720362 219682165 570717794
156251369 155293265 273133217
128275218 155625437 297820761
377332492 212048575 448107695
146227147 374517010 612945156
283491447 505080962 673917127
203533610 57876290 586518715
396826721 70072330 197007622
41894177 621113811 649498499
368732958 445025184 700897695
102122239 497338014 584244962
6971687 343866110 515843994
387437605 519553120 523274208
184898959 557812160 763846487
319200314 265259133 694034190
140080259 228490282 240846197
158809218 132099195 531105209
422897414 607321512 689376604
316189725 484979665 732774066
316408906 760994327 777660434
389448089 16273972 648422678
343672528 179013875 355243264
63435731 755701557 774745226
23489136 274657319 398717908
27257373 770848463 772872830
122259356 798364 190336175
431035105 118648729 136270965
409984101 179921134 486740259
198648336 579728848 656301957
114086921 783166566 784942757
19226633 652839793 721588087
149177586 584527410 668521146
444623595 180122578 560761751
383566941 554568392 574545939
445981713 331519520 476300741
178454524 671639179 774519689
365481983 130026848 625133252
72482905 282229304 493517717
25992213 112285329 242893880
320551951 626472349 694584794
274429594 542900371 595151904
346513791 433324354 564664956
148982748 126467092 432459553
98584300 554238539 628986831
355630329 546378613 605049051
190066883 348171839 351423941
128448906 449603354 520696376
439763321 672924496 764709937
433912288 708851170 737246439
379416464 645343685 691690794
428062826 657296494 767420004
68319262 157035505 627847060
306168445 323562600 335764985
161891949 676861194 683736591
431046786 417619991 522032708
52023322 697838321 720077287
39325663 272251641 594356930
385986957 417167479 759003398
260524859 259816589 757069218
409786704 748454095 780469563
374656514 656830164 692452161
70005635 783246235 784808360
46532482 733004213 769195435
156604089 284856709 313725499
238885755 574973270 713641667
110371081 438576646 525754149
57243775 262892518 430430626
30391556 689252942 706542834
411084705 4414912 122354741
212557702 72374820 307755218
325774513 568923173 622185932
358784935 697456501 775414776
138126576 268795847 689281441
409695239 689982120 702836459
336458625 513540640 725991980
39115571 582159832 714452439
120409281 536853511 757423615
304632762 145048318 364911738
25595518 738459138 772321650
226905852 187013623 707991941
42067848 329335638 422171373
80305669 704848921 772631786
322907397 471509784 681648440
90287750 345137677 688918310
275750248 439043273 549235715
288389391 409911748 589870226
378464418 711855592 784517670
395882749 609360356 776482176
50299499 345507553 745824209
223715245 576395763 727929810
332632889 311799891 379562191
419608550 261341772 650772686
66451185 96714475 534807245
194599259 263110552 738982385
155624731 40541661 101458003
166929184 583396202 759795930
301304353 200208024 366214187
331756383 213710516 600029537
449567693 741727632 754799779
63130266 666153976 714395269
278041223 119618336 127288644
434991772 467513495 540698835
26801554 317085581 439081308
170458821 453173725 576328913
81888978 447143751 507079928
210293475 397364827 740928879
15876095 434239059 477864504
242311481 357222175 416652322
30126765 340810003 460101713
226204602 63019255 450654321
316465716 746615519 769861692
252955659 356607405 557603483
201477983 352796557 727443652
390185077 168115873 755276067
407183167 557269529 717984003
199940166 117992841 445862497
132127497 220458278 248721042
358922938 440556049 677065054
153117750 641120838 729397243
148687825 726410847 752375253
123887510 1411981 297779190
179632219 47015036 537295414
97468129 411204341 574684515
411398761 188664972 253338151
108346 475730710 778030838
244803281 724886900 742152237
354235651 706288570 719635944
359273376 103391522 627992566
32262242 752643604 776564232
344926245 199150157 463312621
336707641 102341061 322603312
244523379 208026445 422058109
34838674 321972156 677036425
296510525 610745172 739364789
111907511 95007765 631434163
16984317 92796173 259389615
111018529 46240069 690709186
90612037 235799442 259702681
298101261 336562998 375296074
382921048 388438974 535002348
352708166 381550638 676406130
322402565 700141606 743855273
418736465 739976208 775303844
413288323 576889483 579017789
15138564 668336690 732160699
274429594 595151904 602511470
418736465 775303844 783567236
190066883 348171839 501227542
418736465 739976208 765674247
331756383 600029537 652212513
291889041 686465648 764624079
52023322 720077287 778654199
413288323 576889483 662497306
358922938 677065054 772096425
94877765 579502472 636856393
50299499 345507553 600657685
316189725 732774066 778309279
383762759 58388619 338318561
114086921 784942757 785482836
150838146 512772039 547669937
316465716 746615519 747329071
422897414 607321512 769122835
252955659 557603483 573983694
177582681 715208068 785046291
6971687 343866110 458954634
93418214 631381830 668536059
52023322 720077287 724582814
11427604 587729325 626000402
445981713 476300741 659844376
432857285 402416500 516178890
235994673 740164505 759235748
63435731 755701557 766942049
365481983 625133252 769824905
352708166 676406130 776104324
242311481 416652322 609128147
155624731 40541661 324143461
52023322 720077287 727134294
407183167 557269529 784760318
422897414 607321512 618099543
50299499 745824209 757661229
413288323 579017789 643027018
387437605 523274208 609281272
322907397 471509784 525787216
407183167 717984003 771375315
32262242 776564232 777660324
332632889 379562191 652252526
203533610 586518715 611847983
319200314 694034190 700620021
219350945 471233860 771693087
449567693 754799779 760674576
188979022 114254550 702128307
153117750 729397243 760175819
225737516 675225611 684025379
236814579 779979023 785267191
98584300 628986831 668271650
155624731 40541661 778971393
93418214 713014059 725302761
365481983 625133252 766196973
190066883 348171839 354484874
194402404 480912817 637918555
225737516 670197566 759514611
390185077 168115873 527794795
359273376 103391522 113686010
316465716 746615519 777968050
411398761 188664972 310899547
411084705 122354741 325781782
379416464 645343685 686714030
179632219 537295414 632556254
16984317 259389615 470552039
331756383 600029537 701718550
72482905 493517717 542566170
57243775 262892518 634002744
395882749 609360356 639347556
273852173 405143828 526304264
25992213 112285329 472593804
201477983 352796557 732872795
25595518 738459138 773360195
149177586 584527410 716553550
42067848 329335638 403673535
225737516 675225611 737055660
114086921 783166566 783371464
210293475 397364827 544706873
93675290 250528947 472533944
11427604 587729325 595871649
16984317 259389615 406485858
194402404 480912817 774090188
128275218 155625437 407830966
194599259 738982385 740994488
395882749 609360356 641410643
132127497 248721042 459291369
225737516 670197566 780216020
50299499 345507553 412890372
379416464 645343685 754652870
201477983 352796557 404661883
428062826 657296494 785007682
358784935 775414776 779271318
355630329 546378613 742237847
355630329 546378613 632932583
278041223 119618336 568921218
409695239 689982120 708725365
336458625 513540640 555351005
25992213 242893880 568765008
344926245 199150157 656697723
411398761 188664972 695434863
138126576 689281441 757274814
242311481 416652322 777458074
144516052 574854772 751018028
158809218 531105209 681929372
387437605 523274208 703503403
336458625 725991980 781248420
389448089 648422678 734206758
210233478 341538687 735151895
30391556 689252942 756489728
226204602 63019255 537128980
122259356 190336175 338720055
270769506 734233786 756277706
273852173 428923083 775291732
150838146 692292633 753707433
368732958 700897695 749378888
120409281 536853511 772560463
30391556 706542834 753191887
378464418 711855592 750812613
343672528 355243264 717600518
252955659 356607405 662694959
340931691 472903114 536719724
148982748 432459553 601147355
15876095 477864504 633975149
115762859 645548478 699697209
12025477 218648663 536042745
97468129 574684515 663398653
316189725 484979665 546135547
90287750 688918310 729170596
219350945 694493294 701098126
288389391 409911748 634728244
184898959 557812160 761502069
272868490 768608576 780872687
212557702 307755218 501240295
386623931 694405919 702362684
431035105 136270965 280975142
281091339 626141072 716251194
210233478 114402578 262619812
368732958 700897695 747624629
77050678 563416657 615769827
359273376 627992566 763033317
383762759 58388619 399642218
190066883 348171839 465353164
269100184 649496904 762042529
6971687 343866110 507475233
336707641 322603312 375807310
245150938 156982055 565297071
298101261 336562998 614096249
340931691 592384841 731911866
166929184 583396202 632526421
385986957 759003398 770768727
97468129 574684515 635322564
260524859 757069218 759371824
52023322 697838321 776276398
273852173 428923083 689795747
152254243 5552842 264507636
32262242 776564232 781927330
140080259 228490282 351979052
23489136 398717908 746312195
449567693 754799779 758350275
422897414 607321512 608008194
16984317 259389615 528903214
155624731 40541661 541444648
30391556 689252942 745767421
97468129 411204341 432488609
75752133 778217809 780507805
156251369 273133217 541138612
346513791 564664956 613622879
235994673 745724902 780752001
166929184 759795930 762036238
344926245 199150157 498193049
383566941 574545939 723026407
316189725 484979665 565280550
90612037 259702681 594839375
72482905 493517717 747959296
128448906 449603354 517727610
316408906 777660434 784862321
359273376 627992566 716048706
70005635 784808360 785017981
63130266 666153976 719026038
30126765 460101713 563244324
422897414 689376604 760156801
178454524 774519689 783289138
199940166 445862497 743982403
63435731 755701557 785103240
210293475 397364827 706323020
296510525 739364789 767138175
138126576 268795847 450913356
166929184 583396202 694778088
242311481 357222175 374860820
199940166 117992841 651159399
198648336 579728848 675497072
75752133 778217809 778363817
114086921 784942757 784978141
322907397 471509784 599521767
25992213 242893880 600861926
301304353 366214187 565588264
389448089 648422678 734211783
336458625 725991980 754642648
11427604 587729325 723062484
301304353 366214187 460328114
385986957 417167479 461227280
340931691 472903114 669954216
41894177 621113811 701180180
301304353 200208024 216693124
190066883 348171839 529744868
121028726 780036144 780617529
298101261 375296074 603512093
332632889 311799891 500672356
111018529 690709186 749230683
445981713 331519520 715967873
98584300 628986831 676655985
244803281 724886900 783918286
161891949 676861194 735849210
50299499 745824209 770412530
435720362 570717794 724584404
25992213 112285329 589550349
269100184 649496904 720290537
340931691 592384841 676090687
177582681 715208068 718994818
301985170 745336645 746231531
352708166 676406130 715827454
386623931 733670451 751146824
42067848 329335638 514350971
390185077 755276067 759461185
260524859 259816589 656117661
124712972 784265084 785331007
66451185 534807245 771968930
30391556 706542834 745703574
194599259 263110552 639384956
278041223 127288644 739715993
352708166 381550638 561205301
46532482 769195435 774248354
422897414 689376604 780812997
304632762 145048318 514183973
144516052 574854772 681639230
244803281 724886900 735833918
269100184 600728031 620924650
140080259 228490282 745179057
226204602 63019255 590555636
30391556 689252942 721057622
409984101 486740259 545561742
98584300 554238539 686785353
132127497 248721042 562210324
422897414 689376604 709581848
148687825 752375253 780722228
77050678 563416657 582464692
434991772 540698835 630664019
199940166 445862497 689381564
11427604 273752284 420919533
178454524 671639179 767715878
245150938 363272576 681043386
50299499 345507553 722043921
52023322 697838321 708495793
336458625 725991980 734375942
273852173 428923083 531456027
194402404 480912817 639850281
188979022 114254550 649705313
319200314 265259133 714368236
374656514 656830164 748499773
358922938 677065054 779328982
42067848 422171373 710614939
365481983 130026848 349261939
16984317 259389615 401704045
332632889 379562191 678574569
244523379 422058109 497364724
161891949 683736591 693217712
156251369 273133217 558868197
272868490 755571934 780249721
66451185 96714475 169284995
269100184 600728031 748604001
102122239 497338014 746314816
431046786 522032708 651492148
374656514 692452161 697803158
30391556 706542834 720429087
152254243 5552842 613227383
122259356 798364 612210963
358784935 697456501 777839970
382921048 388438974 638700767
66451185 96714475 185553987
336707641 102341061 189253233
63130266 666153976 754646544
57243775 262892518 361561158
273852173 405143828 533362463
42067848 422171373 612404066
138126576 268795847 282091390
411084705 4414912 218148827
128448906 520696376 630188408
431046786 417619991 526804432
158809218 531105209 567711840
306168445 323562600 670983581
43628277 26569425 725057941
242311481 357222175 467808554
11427604 587729325 746115344
166957016 494430994 612712418
365481983 130026848 492726666
226905852 187013623 712227426
365481983 130026848 666864605
283491447 505080962 735610998
409786704 780469563 781159405
316189725 732774066 736470888
34838674 321972156 748321498
336707641 102341061 379963646
433912288 737246439 751296823
140080259 228490282 673139812
155624731 40541661 759017188
301985170 580212324 765430560
98584300 628986831 679253401
158809218 531105209 759869229
344926245 463312621 476836465
28450495 594466898 604162101
260524859 757069218 774804281
155624731 101458003 146631299
190066883 351423941 506333471
166957016 494430994 700821347
382921048 535002348 620211188
68319262 627847060 656416510
325774513 622185932 668662537
150838146 692292633 735015917
190066883 348171839 575034804
445981713 476300741 734990002
230879564 601918639 742000535
33001368 637606270 705262046
390185077 755276067 780854331
386623931 694405919 704845169
273852173 428923083 520317606
379416464 645343685 763881412
278041223 119618336 390197009
432857285 402416500 627632060
346513791 564664956 591612584
81888978 507079928 517519861
114086921 784942757 784972615
445981713 331519520 729598140
122259356 190336175 262720169
332632889 379562191 398954555
385986957 759003398 770613062
111907511 95007765 699161827
435720362 219682165 380687223
272151529 192932028 451680869
409984101 486740259 498987827
358784935 697456501 737639365
153117750 641120838 726666675
316189725 732774066 763046005
25595518 738459138 754148827
316408906 777660434 780137956
358784935 697456501 706997020
97468129 574684515 653453854
275410999 760191846 762720404
19226633 652839793 755730558
413288323 579017789 765538989
382921048 388438974 630949946
153117750 729397243 758593277
30391556 706542834 729178932
395882749 609360356 701918589
396826721 70072330 677224294
409695239 702836459 760538461
320551951 694584794 721089679
190066883 348171839 444314167
449567693 741727632 753350713
203533610 57876290 203698334
184898959 557812160 580632917
336707641 102341061 402370421
272868490 768608576 770524395
190066883 351423941 433463807
32262242 752643604 770726231
212557702 307755218 396123781
385986957 417167479 442109435
435720362 219682165 414421413
316189725 484979665 552569900
132127497 220458278 536632409
409786704 780469563 780985599
68319262 157035505 695174000
272151529 192932028 748966789
66804577 560300058 728354254
90612037 259702681 545762019
27257373 772872830 783777078
411084705 4414912 601345256
281091339 307357523 313022114
90287750 688918310 727386589
244523379 422058109 754313616
156604089 284856709 470538270
157749856 596960181 603835091
238885755 574973270 735214127
63130266 714395269 771807404
19226633 652839793 674394313
179632219 537295414 673051875
304632762 145048318 282455370
244803281 742152237 773355149